[session_start]
[  OK]: hardware init ok
[Info]: lean benchmark bring-up enabled
[Info]: UART1+UART3 mirrored at 115200 baud
[  OK]: hardware init ok
[Info]: lean benchmark bring-up enabled
[Info]: UART1+UART3 mirrored at 115200 baud
[  OK]: hardware init ok
[Info]: lean benchmark bring-up enabled
[Info]: UART1+UART3 mirrored at 115200 baud
FRIKAN_BENCHMARK_VALIDATION
iterations=10
record_count=1
seq_len=400
feature_count=8
kan_layer_count=7
dwt_supported=1
timer_source=dwt
measurement_unit=cycles
measurement_total=53006
measurement_per_iter=5300
cycles_total=53006
cycles_per_iter=5300
wall_time_unit=ms
wall_time_total_ms=3.313000
wall_time_per_iter_ms=0.331000
output=-0.004541
benchmark_complete=1
validation_record_0=-0.004541,-0.004541,-0.004541,-0.004541,-0.004541,-0.004541,-0.004541,-0.004541,-0.004541,-0.004541,-0.004541,-0.004541,-0.004541,-0.004541,-0.004541,-0.004541,-0.004541,-0.004541,-0.004541,-0.004541,-0.004541,-0.004541,-0.004541,-0.004541,-0.004541,-0.004541,-0.004541,-0.004541,-0.004541,-0.004541,-0.004541,-0.004541,-0.004541,-0.004541,-0.004541,-0.004541,-0.004541,-0.004541,-0.004541,-0.049801,-0.049801,-0.042173,-0.049801,-0.049801,-0.042173,-0.042173,-0.061929,0.076775,0.038943,0.113203,0.021467,0.021467,0.021467,0.021467,0.021467,0.021467,0.021467,0.021467,0.021467,0.021467,0.021467,0.021467,0.021467,0.021467,0.021467,0.021467,0.021467,0.021467,0.021467,0.021467,0.021467,0.021467,0.021467,0.021467,0.021467,0.021467,0.021467,0.021467,0.021467,0.021467,0.021467,0.021467,0.021467,0.021467,0.021467,0.021467,0.021467,0.021467,0.021467,0.021467,0.021467,0.021467,0.021467,0.021467,0.021467,0.021467,0.021467,0.021467,0.021467,0.021467,0.021467,0.021467,0.021467,0.021467,0.021467,0.021467,0.021467,0.021467,0.021467,0.021467,0.021467,0.021467,0.021467,0.021467,0.021467,0.021467,0.021467,0.021467,0.021467,0.021467,0.021467,0.021467,0.021467,0.021467,0.021467,0.021467,0.021467,0.021467,0.021467,0.021467,0.021467,0.021467,0.021467,0.021467,0.021467,0.021467,0.021467,0.021467,0.021467,0.021467,0.021467,0.021467,0.021467,0.056009,0.056009,0.056009,0.045751,0.045751,0.045751,0.045751,0.045751,0.017228,-0.078029,-0.098662,-0.004541,-0.004541,-0.004541,-0.004541,-0.004541,-0.004541,-0.004541,-0.004541,-0.004541,-0.004541,-0.004541,-0.004541,-0.004541,-0.004541,-0.004541,-0.004541,-0.004541,-0.004541,-0.004541,-0.004541,-0.004541,-0.004541,-0.004541,-0.004541,-0.004541,-0.004541,-0.004541,-0.004541,-0.004541,-0.004541,-0.004541,-0.004541,-0.004541,-0.004541,-0.004541,-0.004541,-0.004541,-0.004541,-0.004541,-0.004541,-0.004541,-0.004541,-0.004541,-0.004541,-0.004541,-0.004541,-0.004541,-0.004541,-0.004541,-0.004541,-0.004541,-0.004541,-0.004541,-0.004541,-0.004541,-0.004541,-0.004541,-0.004541,-0.004541,-0.004541,-0.004541,-0.004541,-0.004541,-0.004541,-0.004541,-0.004541,-0.004541,-0.004541,-0.004541,-0.004541,-0.004541,-0.004541,-0.004541,-0.004541,-0.004541,-0.004541,-0.004541,-0.004541,-0.004541,-0.004541,-0.004541,-0.004541,-0.049801,-0.004541,-0.004541,-0.049801,-0.049801,-0.049801,-0.049801,-0.049801,-0.049801,-0.042173,-0.022976,-0.061929,0.076775,0.038943,0.113203,0.021467,0.021467,0.021467,0.021467,0.021467,0.021467,0.021467,0.021467,0.021467,0.021467,0.021467,0.021467,0.021467,0.021467,0.021467,0.021467,0.021467,0.021467,0.021467,0.021467,0.021467,0.021467,0.021467,0.021467,0.021467,0.021467,0.021467,0.021467,0.021467,0.021467,0.021467,0.021467,0.021467,0.021467,0.021467,0.021467,0.021467,0.021467,0.021467,0.021467,0.021467,0.021467,0.021467,0.021467,0.021467,0.021467,0.021467,0.021467,0.021467,0.021467,0.021467,0.021467,0.021467,0.021467,0.021467,0.021467,0.021467,0.021467,0.021467,0.021467,0.021467,0.021467,0.021467,0.021467,0.021467,0.021467,0.021467,0.021467,0.021467,0.021467,0.021467,0.021467,0.021467,0.021467,0.021467,0.021467,0.021467,0.021467,0.021467,0.021467,0.021467,0.021467,0.021467,0.021467,0.021467,0.021467,0.021467,0.021467,0.021467,0.021467,0.021467,0.056009,0.056009,0.056009,0.056009,0.056009,0.045751,0.045751,0.051983,0.017228,0.017228,-0.078029,-0.098662,-0.098662,-0.004541,-0.004541,-0.004541,-0.004541,-0.004541,-0.004541,-0.004541,-0.004541,-0.004541,-0.004541,-0.004541,-0.004541,-0.004541,-0.004541,-0.004541,-0.004541,-0.004541,-0.004541,-0.004541,-0.004541,-0.004541,-0.004541,-0.004541,-0.004541,-0.004541,-0.004541,-0.004541,-0.004541,-0.004541,-0.004541,-0.004541,-0.004541,-0.004541,-0.004541,-0.004541,-0.004541,-0.004541,-0.004541,-0.004541,-0.004541,-0.004541,-0.004541,-0.004541,-0.004541,-0.004541
validation_complete=1
[  OK]: hardware init ok
[Info]: lean benchmark bring-up enabled
[Info]: UART1+UART3 mirrored at 115200 baud
FRIKAN_BENCHMARK_VALIDATION
iterations=10
record_count=1
seq_len=400
feature_count=8
kan_layer_count=7
dwt_supported=1
timer_source=dwt
measurement_unit=cycles
measurement_total=10580772
measurement_per_iter=1058077
cycles_total=10580772
cycles_per_iter=1058077
wall_time_unit=ms
wall_time_total_ms=661.299000
wall_time_per_iter_ms=66.129000
output=-0.004541
benchmark_complete=1
validation_record_0=-0.004541,-0.004541,-0.004541,-0.004541,-0.004541,-0.004541,-0.004541,-0.004541,-0.004541,-0.004541,-0.004541,-0.004541,-0.004541,-0.004541,-0.004541,-0.004541,-0.004541,-0.004541,-0.004541,-0.004541,-0.004541,-0.004541,-0.004541,-0.004541,-0.004541,-0.004541,-0.004541,-0.004541,-0.004541,-0.004541,-0.004541,-0.004541,-0.004541,-0.004541,-0.004541,-0.004541,-0.004541,-0.004541,-0.004541,-0.049801,-0.049801,-0.042173,-0.049801,-0.049801,-0.042173,-0.042173,-0.061929,0.076775,0.038943,0.113203,0.021467,0.021467,0.021467,0.021467,0.021467,0.021467,0.021467,0.021467,0.021467,0.021467,0.021467,0.021467,0.021467,0.021467,0.021467,0.021467,0.021467,0.021467,0.021467,0.021467,0.021467,0.021467,0.021467,0.021467,0.021467,0.021467,0.021467,0.021467,0.021467,0.021467,0.021467,0.021467,0.021467,0.021467,0.021467,0.021467,0.021467,0.021467,0.021467,0.021467,0.021467,0.021467,0.021467,0.021467,0.021467,0.021467,0.021467,0.021467,0.021467,0.021467,0.021467,0.021467,0.021467,0.021467,0.021467,0.021467,0.021467,0.021467,0.021467,0.021467,0.021467,0.021467,0.021467,0.021467,0.021467,0.021467,0.021467,0.021467,0.021467,0.021467,0.021467,0.021467,0.021467,0.021467,0.021467,0.021467,0.021467,0.021467,0.021467,0.021467,0.021467,0.021467,0.021467,0.021467,0.021467,0.021467,0.021467,0.021467,0.021467,0.021467,0.021467,0.021467,0.021467,0.056009,0.056009,0.056009,0.045751,0.045751,0.045751,0.045751,0.045751,0.017228,-0.078029,-0.098662,-0.004541,-0.004541,-0.004541,-0.004541,-0.004541,-0.004541,-0.004541,-0.004541,-0.004541,-0.004541,-0.004541,-0.004541,-0.004541,-0.004541,-0.004541,-0.004541,-0.004541,-0.004541,-0.004541,-0.004541,-0.004541,-0.004541,-0.004541,-0.004541,-0.004541,-0.004541,-0.004541,-0.004541,-0.004541,-0.004541,-0.004541,-0.004541,-0.004541,-0.004541,-0.004541,-0.004541,-0.004541,-0.004541,-0.004541,-0.004541,-0.004541,-0.004541,-0.004541,-0.004541,-0.004541,-0.004541,-0.004541,-0.004541,-0.004541,-0.004541,-0.004541,-0.004541,-0.004541,-0.004541,-0.004541,-0.004541,-0.004541,-0.004541,-0.004541,-0.004541,-0.004541,-0.004541,-0.004541,-0.004541,-0.004541,-0.004541,-0.004541,-0.004541,-0.004541,-0.004541,-0.004541,-0.004541,-0.004541,-0.004541,-0.004541,-0.004541,-0.004541,-0.004541,-0.004541,-0.004541,-0.004541,-0.004541,-0.049801,-0.004541,-0.004541,-0.049801,-0.049801,-0.049801,-0.049801,-0.049801,-0.049801,-0.042173,-0.022976,-0.061929,0.076775,0.038943,0.113203,0.021467,0.021467,0.021467,0.021467,0.021467,0.021467,0.021467,0.021467,0.021467,0.021467,0.021467,0.021467,0.021467,0.021467,0.021467,0.021467,0.021467,0.021467,0.021467,0.021467,0.021467,0.021467,0.021467,0.021467,0.021467,0.021467,0.021467,0.021467,0.021467,0.021467,0.021467,0.021467,0.021467,0.021467,0.021467,0.021467,0.021467,0.021467,0.021467,0.021467,0.021467,0.021467,0.021467,0.021467,0.021467,0.021467,0.021467,0.021467,0.021467,0.021467,0.021467,0.021467,0.021467,0.021467,0.021467,0.021467,0.021467,0.021467,0.021467,0.021467,0.021467,0.021467,0.021467,0.021467,0.021467,0.021467,0.021467,0.021467,0.021467,0.021467,0.021467,0.021467,0.021467,0.021467,0.021467,0.021467,0.021467,0.021467,0.021467,0.021467,0.021467,0.021467,0.021467,0.021467,0.021467,0.021467,0.021467,0.021467,0.021467,0.021467,0.021467,0.056009,0.056009,0.056009,0.056009,0.056009,0.045751,0.045751,0.051983,0.017228,0.017228,-0.078029,-0.098662,-0.098662,-0.004541,-0.004541,-0.004541,-0.004541,-0.004541,-0.004541,-0.004541,-0.004541,-0.004541,-0.004541,-0.004541,-0.004541,-0.004541,-0.004541,-0.004541,-0.004541,-0.004541,-0.004541,-0.004541,-0.004541,-0.004541,-0.004541,-0.004541,-0.004541,-0.004541,-0.004541,-0.004541,-0.004541,-0.004541,-0.004541,-0.004541,-0.004541,-0.004541,-0.004541,-0.004541,-0.004541,-0.004541,-0.004541,-0.004541,-0.004541,-0.004541,-0.004541,-0.004541,-0.004541,-0.004541
validation_complete=1